1|1|1|2020-02-09
2|2|1|2020-02-09
3|3|2|2020-02-09
4|4|2|2020-02-09
5|5|3|2020-02-09
6|6|3|2020-02-09
7|7|4|2020-02-09
1|8|4|2020-02-09
2|9|5|2020-02-09
3|1|5|2020-02-09
4|2|6|2020-02-09
5|3|6|2020-02-09
6|4|7|2020-02-09
7|5|7|2020-02-09
1|6|8|2020-02-09
2|7|8|2020-02-09
3|8|9|2020-02-09
4|9|9|2020-02-09
5|1|10|2020-02-09
6|2|10|2020-02-09
7|3|11|2020-02-09
1|4|11|2020-02-09
2|5|12|2020-02-09
3|6|12|2020-02-09
4|7|13|2020-02-09
5|8|13|2020-02-09
6|9|14|2020-02-09
7|1|14|2020-02-09
1|2|15|2020-02-09
2|3|15|2020-02-09
3|4|16|2020-02-09
4|5|16|2020-02-09